#Layer_Color=9474304
#
#Feature symbol names
#
$0 r5

#
#Feature attribute names
#

#
#Layer features
#
L 1.9922835 3.085 2.0277165 3.085 0 P 0
L 1.9922835 3.185 2.0277165 3.185 0 P 0
L 1.9922835 3.285 2.0277165 3.285 0 P 0
L 1.9922835 3.385 2.0277165 3.385 0 P 0
L 1.9922835 3.485 2.0277165 3.485 0 P 0
L 1.9922835 3.585 2.0277165 3.585 0 P 0
L 2.01 3.0672835 2.01 3.1027165 0 P 0
L 2.01 3.1672835 2.01 3.2027165 0 P 0
L 2.01 3.2672835 2.01 3.3027165 0 P 0
L 2.01 3.3672835 2.01 3.4027165 0 P 0
L 2.01 3.4672835 2.01 3.5027165 0 P 0
L 2.01 3.5672835 2.01 3.6027165 0 P 0
L 2.366 3.18 2.394 3.18 0 P 0
L 2.38 3.166 2.38 3.194 0 P 0
L 2.4384016 3.0825984 2.4664016 3.0825984 0 P 0
L 2.4524016 3.0685984 2.4524016 3.0965984 0 P 0
L 2.6684016 3.2775984 2.6964016 3.2775984 0 P 0
L 2.6734016 3.1375984 2.7014016 3.1375984 0 P 0
L 2.6824016 3.2635984 2.6824016 3.2915984 0 P 0
L 2.6834016 3.3575984 2.7114016 3.3575984 0 P 0
L 2.6874016 3.1235984 2.6874016 3.1515984 0 P 0
L 2.6974016 3.3435984 2.6974016 3.3715984 0 P 0
L 2.741 3.4 2.769 3.4 0 P 0
L 2.755 3.386 2.755 3.414 0 P 0
L 2.8735433 3.3522047 2.8814173 3.3522047 0 P 0
L 2.8774803 3.3482677 2.8774803 3.3561417 0 P 0
L 2.8961811 3.3148031 2.9040551 3.3148031 0 P 0
L 2.8961811 3.3896063 2.9040551 3.3896063 0 P 0
L 2.9001181 3.3108661 2.9001181 3.3187401 0 P 0
L 2.9001181 3.3856693 2.9001181 3.3935433 0 P 0
L 2.9188189 3.3522047 2.9266929 3.3522047 0 P 0
L 2.9227559 3.3482677 2.9227559 3.3561417 0 P 0
L 2.991 3.42 3.019 3.42 0 P 0
L 3.005 3.406 3.005 3.434 0 P 0
L 3.011 3.33 3.039 3.33 0 P 0
L 3.025 3.316 3.025 3.344 0 P 0
L 3.206 3.61 3.234 3.61 0 P 0
L 3.22 3.596 3.22 3.624 0 P 0
L 3.2905276 3.5378684 3.3185276 3.5378684 0 P 0
L 3.3045276 3.5238684 3.3045276 3.5518684 0 P 0
L 3.5272835 3.095 3.5627165 3.095 0 P 0
L 3.5272835 3.195 3.5627165 3.195 0 P 0
L 3.5272835 3.295 3.5627165 3.295 0 P 0
L 3.5272835 3.395 3.5627165 3.395 0 P 0
L 3.5272835 3.495 3.5627165 3.495 0 P 0
L 3.5272835 3.595 3.5627165 3.595 0 P 0
L 3.545 3.0772835 3.545 3.1127165 0 P 0
L 3.545 3.1772835 3.545 3.2127165 0 P 0
L 3.545 3.2772835 3.545 3.3127165 0 P 0
L 3.545 3.3772835 3.545 3.4127165 0 P 0
L 3.545 3.4772835 3.545 3.5127165 0 P 0
L 3.545 3.5772835 3.545 3.6127165 0 P 0
