#Layer_Color=9474304
#
#Feature symbol names
#
$0 r5
$1 r6.6666

#
#Feature attribute names
#

#
#Layer features
#
A 2.8974803 3.3522047 2.8974803 3.3522047 2.8774803 3.3522047 1 P 0 N
A 2.9201181 3.3148031 2.9201181 3.3148031 2.9001181 3.3148031 1 P 0 N
A 2.9201181 3.3896063 2.9201181 3.3896063 2.9001181 3.3896063 1 P 0 N
A 2.9427559 3.3522047 2.9427559 3.3522047 2.9227559 3.3522047 1 P 0 N
L 1.99 3.065 1.99 3.105 0 P 0
L 1.99 3.065 2.03 3.065 0 P 0
L 1.99 3.105 2.03 3.105 0 P 0
L 1.99 3.165 1.99 3.205 0 P 0
L 1.99 3.165 2.03 3.165 0 P 0
L 1.99 3.205 2.03 3.205 0 P 0
L 1.99 3.265 1.99 3.305 0 P 0
L 1.99 3.265 2.03 3.265 0 P 0
L 1.99 3.305 2.03 3.305 0 P 0
L 1.99 3.365 1.99 3.405 0 P 0
L 1.99 3.365 2.03 3.365 0 P 0
L 1.99 3.405 2.03 3.405 0 P 0
L 1.99 3.465 1.99 3.505 0 P 0
L 1.99 3.465 2.03 3.465 0 P 0
L 1.99 3.505 2.03 3.505 0 P 0
L 1.99 3.565 1.99 3.605 0 P 0
L 1.99 3.565 2.03 3.565 0 P 0
L 1.99 3.605 2.03 3.605 0 P 0
L 2.03 3.065 2.03 3.105 0 P 0
L 2.03 3.165 2.03 3.205 0 P 0
L 2.03 3.265 2.03 3.305 0 P 0
L 2.03 3.365 2.03 3.405 0 P 0
L 2.03 3.465 2.03 3.505 0 P 0
L 2.03 3.565 2.03 3.605 0 P 0
L 2.36 3.2 2.38 3.16 0 P 0
L 2.36 3.2 2.4 3.2 0 P 0
L 2.38 3.16 2.4 3.2 0 P 0
L 2.4324016 3.1025984 2.4524016 3.0625984 0 P 0
L 2.4324016 3.1025984 2.4724016 3.1025984 0 P 0
L 2.4524016 3.0625984 2.4724016 3.1025984 0 P 0
L 2.6624016 3.2975984 2.6824016 3.2575984 0 P 0
L 2.6624016 3.2975984 2.7024016 3.2975984 0 P 0
L 2.6674016 3.1575984 2.6874016 3.1175984 0 P 0
L 2.6674016 3.1575984 2.7074016 3.1575984 0 P 0
L 2.6774016 3.3775984 2.6974016 3.3375984 0 P 0
L 2.6774016 3.3775984 2.7174016 3.3775984 0 P 0
L 2.6824016 3.2575984 2.7024016 3.2975984 0 P 0
L 2.6874016 3.1175984 2.7074016 3.1575984 0 P 0
L 2.6974016 3.3375984 2.7174016 3.3775984 0 P 0
L 2.735 3.42 2.755 3.38 0 P 0
L 2.735 3.42 2.775 3.42 0 P 0
L 2.755 3.38 2.775 3.42 0 P 0
L 2.985 3.44 3.005 3.4 0 P 0
L 2.985 3.44 3.025 3.44 0 P 0
L 3.005 3.35 3.025 3.31 0 P 0
L 3.005 3.35 3.045 3.35 0 P 0
L 3.005 3.4 3.025 3.44 0 P 0
L 3.025 3.31 3.045 3.35 0 P 0
L 3.2 3.63 3.22 3.59 0 P 0
L 3.2 3.63 3.24 3.63 0 P 0
L 3.22 3.59 3.24 3.63 0 P 0
L 3.2845276 3.5578684 3.3045276 3.5178684 0 P 0
L 3.2845276 3.5578684 3.3245276 3.5578684 0 P 0
L 3.3045276 3.5178684 3.3245276 3.5578684 0 P 0
L 3.525 3.075 3.525 3.115 0 P 0
L 3.525 3.075 3.565 3.075 0 P 0
L 3.525 3.115 3.565 3.115 0 P 0
L 3.525 3.175 3.525 3.215 0 P 0
L 3.525 3.175 3.565 3.175 0 P 0
L 3.525 3.215 3.565 3.215 0 P 0
L 3.525 3.275 3.525 3.315 0 P 0
L 3.525 3.275 3.565 3.275 0 P 0
L 3.525 3.315 3.565 3.315 0 P 0
L 3.525 3.375 3.525 3.415 0 P 0
L 3.525 3.375 3.565 3.375 0 P 0
L 3.525 3.415 3.565 3.415 0 P 0
L 3.525 3.475 3.525 3.515 0 P 0
L 3.525 3.475 3.565 3.475 0 P 0
L 3.525 3.515 3.565 3.515 0 P 0
L 3.525 3.575 3.525 3.615 0 P 0
L 3.525 3.575 3.565 3.575 0 P 0
L 3.525 3.615 3.565 3.615 0 P 0
L 3.565 3.075 3.565 3.115 0 P 0
L 3.565 3.175 3.565 3.215 0 P 0
L 3.565 3.275 3.565 3.315 0 P 0
L 3.565 3.375 3.565 3.415 0 P 0
L 3.565 3.475 3.565 3.515 0 P 0
L 3.565 3.575 3.565 3.615 0 P 0
